--- !pf.ConfigTypeA
id: marmara_gfs
modelling_code_id: qseis.2006b
regions: []
references: []
earthmodel_1d: |2
      0.             3.67           2.03           2.3          400.           200.
      2.             5.50           3.15           2.5          500.           250.
      4.             5.70           3.26           2.55         500.           250.
      6.             6.13           3.50           2.65         600.           300.
      8.             6.14           3.51           2.65         600.           300.
     12.             6.24           3.56           2.7          600.           300.
     16.             6.31           3.62           2.72         600.           300.
     20.             6.35           3.66           2.73         600.           300.
     24.             6.40           3.69           2.75         600.           300.
     28.             6.40           3.69           2.75         600.           300.
     30.             6.63           3.69           2.8          600.           300.
     32.             6.63           3.69           2.8          600.           300.
  mantle
     32.             7.82           4.34           3.2          800.           400.
     35.             7.87           4.38           3.22         800.           400.
     40.             8.02           4.44           3.25         800.           400.
     77.5            8.045          4.49           3.5         1445.           600.
     77.5            8.045          4.49           3.5          180.6           75.
    120.             8.05           4.5            3.427        180.            75.
    120.             8.05           4.5            3.427        182.6           76.06
    165.             8.175          4.509          3.371        188.7           76.55
    210.             8.301          4.518          3.324        201.            79.4
    210.             8.3            4.519          3.323        338.2          133.7
    300.             8.628          4.679          3.401        353.6          138.7
    410.             9.03           4.87           3.506        377.5          146.5
    410.             9.36           5.08           3.929        414.1          162.7
    660.            10.2            5.611          3.918        428.5          172.9
    660.            10.79           5.965          4.24        1349.           549.5
    764.            11.07           6.215          4.359       1276.           537.1
    849.1           11.21           6.272          4.463       1263.           527.3
   1038.            11.52           6.407          4.616       1230.           506.9
   1227.            11.81           6.527          4.71        1198.           488.
   1416.            12.08           6.636          4.812       1168.           470.4
   1605.            12.33           6.735          4.909       1141.           454.4
   1795.            12.55           6.827          5.004       1111.           437.7
   1984.            12.78           6.913          5.096       1065.           415.6
   2173.            13.             6.997          5.186       1037.           400.6
   2362.            13.21           7.079          5.273        995.4          381.2
   2551.            13.43           7.162          5.357        968.1          367.3
   2740.            13.65           7.248          5.439        932.5          350.6
   2740.            13.65           7.248          5.693        722.7          271.7
   2790.            13.65           7.259          5.72         726.9          274.
   2839.            13.66           7.27           5.746        725.1          274.
   2892.            13.66           7.282          5.772        723.1          274.
  outer-core
   2892.             7.972          0.             9.928          5.782E+04      0.
sample_rate: 5
component_scheme: elastic10
tabulated_phases:
- !pf.TPDef
  id: begin
  definition: p,P,p\,P\,Pv_(cmb)p
- !pf.TPDef
  id: end
  definition: '2.5'
- !pf.TPDef
  id: P
  definition: '!P'
- !pf.TPDef
  id: S
  definition: '!S'
- !pf.TPDef
  id: p
  definition: '!p'
- !pf.TPDef
  id: s
  definition: '!s'
ncomponents: 10
receiver_depth: 0.0
source_depth_min: 5000.0
source_depth_max: 11000.0
source_depth_delta: 1000.0
distance_min: 20000.0
distance_max: 100000.0
distance_delta: 2000.0
